EA_PiZero_005, 166,206,227
eapizero011, 31,120,180
eapizero012, 178,223,138
eapizero014, 51,160,44
eapizero016, 51,160,44
eapizero017, 251,154,153
eapizero018, 227,26,28
eapizero020, 253,191,111
eapizero021, 255,127,0
eapizero022, 202,178,214
eapizero027, 106,61,154
EA_PiZero_004, 166,206,227
eapizero023, 31,120,180
eapizero024, 178,223,138
eapizero025, 51,160,44
eapizero026, 251,154,153
eapizero034, 227,26,28
EA_PiZero_006, 166,206,227
EA_PiZero_009, 31,120,180
EA_PiZero_010, 178,223,138
eapizero030, 51,160,44
eapizero033, 251,154,153